4.132812
-3.488281
-4.109375
1.777344
2.109375
-3.343750
2.669922
2.742188
-1.194336
3.121094
1.989258
-0.017578
-1.290039
4.816406
-0.336914
1.356445
-4.468750
-2.656250
1.650391
-3.236328
2.419922
1.481445
2.796875
-2.511719
0.176025
-2.984375
-2.158203
2.449219
16.312500
-1.320312
-0.145020
3.144531
2.527344
-2.443359
-0.979492
-3.269531
-1.600586
0.137695
1.021484
2.095703
3.095703
2.226562
2.941406
2.097656
-0.641602
3.318359
-0.617188
2.089844
-2.488281
-4.988281
0.161865
0.007812
2.574219
-1.969727
-1.076172
-0.666992
1.738281
-0.452637
-4.019531
5.972656
-1.755859
-0.097656
2.279297
-6.117188
-5.230469
5.121094
2.134766
3.972656
-0.151245
4.734375
-0.446045
-1.841797
-3.765625
-1.543945
-4.046875
6.289062
-1.433594
-2.019531
-1.864258
-0.668457
0.607422
1.563477
-0.450195
2.453125
0.553223
-0.525879
2.853516
1.715820
-4.406250
5.527344
-2.384766
-3.195312
3.580078
1.086914
3.072266
-0.036133
6.308594
-3.339844
-3.066406
2.416016
1.735352
4.164062
0.209961
2.246094
2.968750
-0.620117
-4.632812
1.110352
1.101562
0.064697
1.989258
-3.263672
-1.982422
-0.747559
-2.330078
-2.091797
-3.851562
1.435547
-0.336914
0.102173
4.703125
-5.070312
2.679688
-4.875000
-2.898438
2.337891
-5.773438
2.306641
-1.220703
1.422852
-2.048828
-0.460693
3.765625
1.761719
-0.663574
-0.851562
-4.312500
1.755859
0.957031
1.003906
-0.202881
0.483887
-2.291016
4.507812
-5.515625
1.179688
2.103516
1.506836
3.457031
-1.292969
-2.593750
0.586914
2.296875
1.789062
-1.310547
0.885742
-0.050293
2.292969
-4.394531
-11.539062
4.238281
2.416016
0.961914
-0.331299
9.476562
3.212891
-1.739258
2.458984
-0.024414
-9.445312
0.387695
0.799805
-2.316406
0.806641
-2.980469
0.876953
5.335938
1.011719
-3.714844
-0.450684
4.718750
-2.128906
2.396484
1.605469
0.023438
-0.961426
-1.828125
-1.548828
1.905273
0.476318
-2.535156
0.046875
0.593262
0.762207
0.197510
0.391602
4.859375
-4.453125
4.375000
-0.390625
-0.713867
-4.570312
-7.117188
-3.507812
-0.806641
2.773438
3.705078
-1.550781
0.828613
-0.168457
3.220703
2.673828
-4.011719
0.103516
-2.761719
2.181641
-2.689453
3.138672
0.902832
1.762695
-1.460938
1.958984
-2.033203
1.967773
0.525391
-0.159424
-4.250000
-4.132812
-1.806641
1.810547
-4.812500
-0.657227
2.375000
1.053711
-2.816406
-1.922852
0.544434
4.714844
-1.164062
-1.068359
1.230469
0.946777
-3.751953
2.546875
1.392578
0.336914
-0.041260
-4.929688
0.666016
6.593750
-0.687012
-4.515625
-3.843750
-0.993164
0.066895
4.406250
1.457031
-14.453125
-0.453613
-2.853516
-1.285156
4.269531
-0.351807
-4.304688
-0.022949
3.707031
-4.214844
1.160156
-1.428711
2.601562
1.053711
2.355469
-3.152344
-5.402344
0.810059
0.831055
14.406250
-4.039062
2.269531
3.259766
0.253418
1.530273
-0.147217
-2.167969
-3.185547
-3.654297
0.272217
-0.030884
-1.423828
0.995117
-0.722656
0.564453
0.755859
2.021484
-1.750000
-0.841309
0.812988
-3.507812
-1.938477
0.072632
1.689453
1.794922
-1.459961
-0.741211
0.140381
3.894531
3.193359
1.761719
-5.109375
3.242188
-1.881836
-0.567871
2.675781
-5.105469
0.121948
-2.503906
-2.000000
0.177612
-3.332031
0.123047
0.245850
-0.390137
-2.869141
-2.339844
1.737305
1.534180
-0.770508
0.999023
-2.861328
2.675781
-4.730469
-2.023438
6.296875
-1.337891
-0.314697
-4.585938
0.909668
1.321289
-0.229492
-0.544434
-1.282227
3.474609
0.248047
-1.904297
1.291992
-3.046875
-1.252930
-3.109375
4.234375
-2.492188
0.885742
-3.804688
-2.457031
-2.787109
0.777344
2.568359
2.449219
-0.918945
2.093750
0.015961
-0.507812
-2.312500
0.886719
-0.679199
-2.703125
3.556641
-4.441406
-1.514648
-1.637695
0.618164
3.843750
5.519531
2.273438
-3.757812
-5.199219
-2.330078
-0.244629
-1.835938
1.226562
-1.888672
-1.749023
3.933594
8.773438
3.675781
1.209961
-1.018555
0.049316
1.718750
1.459961
-0.671875
2.865234
2.449219
-0.873047
0.750977
-0.379639
-1.312500
-0.264404
4.773438
1.866211
-7.480469
-4.449219
1.552734
-0.342773
-1.840820
7.000000
-1.170898
0.542480
-1.467773
-1.395508
-2.818359
-0.323242
0.749023
-2.156250
-3.468750
-4.062500
-4.628906
5.261719
14.726562
-1.473633
-3.044922
-0.887207
0.057617
0.010742
3.894531
-0.708496
-1.019531
-3.359375
-1.863281
-3.197266
-1.540039
-3.384766
-2.099609
1.302734
0.398926
2.412109
1.555664
-4.886719
0.640625
3.054688
2.714844
-1.188477
-3.460938
-0.401367
-0.376465
-0.698242
2.091797
-0.161377
0.030273
0.412842
0.802734
2.273438
-3.054688
-2.990234
2.363281
2.138672
-1.371094
-0.197998
1.906250
2.037109
-9.164062
6.277344
0.058838
5.128906
0.605469
-0.762207
-0.846191
1.391602
5.640625
-2.087891
1.216797
-6.210938
-0.906250
-1.462891
1.094727
-1.398438
-1.343750
0.295898
0.717285
3.818359
0.036377
0.837891
1.120117
2.808594
0.819336
0.511719
0.551270
2.539062
3.062500
-4.886719
0.522461
-6.683594
2.150391
1.575195
-2.792969
0.543945
-3.718750
1.554688
-0.639648
-3.083984
-1.220703
3.216797
-1.097656
1.921875
6.078125
2.927734
-1.106445
-3.277344
0.088318
-1.609375
-12.437500
-0.643066
1.055664
1.528320
1.973633
-0.799805
-1.916016
0.172119
-2.472656
-1.294922
2.544922
-4.992188
0.790527
0.835938
0.214844
2.591797
2.134766
-1.944336
-2.710938
0.472168
-0.835938
-29.640625
3.091797
0.237061
0.155762
4.355469
1.794922
-1.904297
-2.576172
2.406250
-2.246094
-0.729492
-0.090820
0.364014
2.599609
3.335938
-0.450195
1.938477
-5.179688
4.367188
-2.539062
-1.000000
1.675781
5.097656
-0.371582
-2.537109
1.032227
3.406250
-2.660156
-2.482422
-1.789062
7.109375
-4.253906
0.306641
-1.202148
-3.757812
2.062500
-2.330078
1.716797
0.481201
1.512695
0.227051
-1.401367
0.764648
0.794922
-3.328125
-3.425781
-0.628418
4.562500
-0.490723
3.148438
-1.741211
-1.770508
0.201294
0.159668
0.600586
2.964844
0.506836
5.699219
-3.988281
15.523438
-0.125610
-2.248047
-3.515625
-17.984375
-3.089844
0.831055
-2.253906
-6.777344
0.204834
-1.056641
0.771484
-2.554688
-0.097900
-0.050171
-4.214844
-4.785156
-0.221436
-2.466797
1.873047
-0.127441
3.482422
-0.457031
2.074219
4.605469
0.115723
-3.267578
-2.318359
-2.935547
0.347900
-1.248047
3.546875
-5.207031
-1.044922
-0.574707
0.789062
-1.624023
-1.274414
-1.255859
-5.585938
-2.496094
4.187500
2.066406
2.974609
-1.366211
-1.776367
-0.474121
-2.615234
1.054688
0.053223
0.226318
3.189453
-3.976562
-2.710938
-2.132812
-3.798828
-2.171875
-0.778320
-2.935547
0.361816
4.683594
1.270508
-2.390625
-2.234375
-1.784180
3.222656
0.212891
1.373047
0.300049
3.115234
-1.310547
-1.436523
-2.765625
-0.035889
3.517578
1.544922
3.769531
1.218750
0.358887
-0.809570
1.637695
2.220703
0.353027
-0.126953
3.783203
-0.642578
3.638672
-0.137207
-2.539062
-0.402344
-0.332764
-4.332031
-4.207031
-3.500000
-0.360840
0.138184
6.156250
0.966309
3.585938
0.509277
1.250000
-1.195312
-1.362305
2.902344
1.088867
5.152344
-0.607422
1.549805
3.789062
2.296875
2.037109
-2.017578
1.311523
0.494629
5.066406
0.213135
-4.542969
1.201172
-2.326172
1.791016
-1.449219
6.421875
0.076904
-2.638672
6.394531
-2.458984
0.950195
-0.592285
0.772949
-2.216797
-0.235840
4.367188
-3.392578
-0.552734
7.550781
9.187500
5.031250
5.101562
-0.287109
0.563965
0.705078
-1.473633
-0.938477
3.738281
-1.799805
4.570312
2.007812
0.996094
-3.541016
3.130859
1.101562
-2.828125
1.431641
-3.042969
-3.984375
5.808594
-1.406250
1.689453
1.632812
-2.521484
-1.266602
0.289062
5.781250
2.214844
-1.637695
1.957031
-1.695312
4.320312
0.050781
-3.914062
1.006836
2.865234
0.394531
4.171875
-0.152100
-3.173828
-3.443359
1.539062
0.522461