0.042817
0.211408
0.021408
-0.127112
0.123098
0.211408
0.029437
0.139155
-0.004014
-0.036127
0.021408
0.072253
0.084296
-0.073591
-0.060211
0.001338
0.001338
-0.129789
-0.112394
-0.112394
-0.121760
0.000000
0.099014
-0.016056
0.159225
-0.129789
-0.129789
-0.010704
-0.057535
-0.070915
-0.128450
-0.010704
-0.120422
-0.074929
0.045493
0.081620
0.093662
0.068239
-0.052183
-0.073591
-0.129789
-0.129789
0.053521
0.005352
-0.129789
-0.024084
-0.042817
0.076267
-0.129789
-0.010704
-0.129789
0.045493
-0.129789
-0.129789
-0.129789
0.038803
-0.034789
-0.129789
-0.105704
-0.006690
0.155211
0.034789
-0.076267
-0.107042
0.045493
-0.129789
0.167253
-0.090986
-0.072253
-0.129789
0.066901
-0.129789
0.000000
-0.096338
-0.012042
0.001338
-0.066901
-0.037465
-0.042817
-0.121760
-0.048169
-0.129789
-0.049507
-0.044155
0.014718
-0.129789
0.029437
0.014718
0.029437
-0.045493
-0.076267
-0.129789
-0.009366
-0.129789
0.092324
-0.129789
0.028099
0.112394
-0.129789
-0.077606
0.041479
-0.030775
-0.129789
-0.022746
-0.129789
0.141831
-0.013380
0.026761
-0.012042
-0.095000
0.040141
-0.129789
0.078944
-0.095000
-0.129789
-0.066901
-0.129789
0.077606
-0.056197
-0.129789
-0.129789
-0.129789
-0.129789
-0.129789
-0.022746
-0.061549
-0.129789
0.041479
-0.129789
-0.129789
0.117746
-0.101690
-0.129789
-0.129789
-0.093662
-0.129789
-0.129789
-0.129789
-0.076267
-0.001338
0.009366
-0.021408
0.042817
-0.128450
-0.041479
-0.129789
0.082958
-0.101690
-0.081620
0.012042
-0.129789
0.040141
0.211408
0.074929
0.140493
0.032113
0.180634
0.026761
-0.129789
-0.006690
0.172605
-0.111056
-0.028099
-0.082958
-0.078944
-0.129789
-0.129789
-0.129789
-0.129789
-0.129789
-0.129789
-0.038803
-0.129789
-0.104366
-0.050845
-0.129789
-0.129789
-0.129789
-0.129789
-0.129789
-0.017394
0.044155
0.016056
-0.012042
0.005352
0.211408
0.085634
0.211408
-0.084296
0.116408
0.024084
-0.129789
0.041479
-0.129789
-0.119084
-0.129789
-0.045493
-0.053521
-0.093662
-0.129789
0.036127
-0.129789
0.211408
0.064225
0.211408
-0.045493
-0.129789
0.211408
-0.016056
-0.117746
0.025422
0.048169
-0.129789
0.017394
-0.086972
0.200704
0.211408
-0.066901
0.037465
0.211408
0.172605
0.030775
0.089648
-0.069577
0.017394
-0.129789
-0.129789
-0.129789
-0.088310
0.123098
-0.065563
0.167253
0.060211
0.173943
0.024084
-0.129789
-0.129789
0.025422
0.034789
0.161901
-0.129789
-0.022746
-0.021408
-0.041479
-0.129789
0.001338
-0.129789
0.085634
0.038803
-0.069577
-0.097676
0.068239
-0.028099
0.064225
-0.129789
0.081620
0.119084
-0.016056
0.211408
0.211408
0.211408
0.117746
0.038803
-0.024084
0.057535
0.112394
0.167253
0.202042
-0.129789
-0.129789
-0.005352
-0.129789
0.038803
-0.042817
0.028099
-0.129789
-0.010704
0.030775
0.211408
0.101690
-0.020070
0.211408
0.211408
0.211408
0.211408
0.211408
0.155211
0.211408
0.211408
0.211408
0.171267
0.092324
0.131127
0.211408
0.211408
-0.008028
0.061549
0.082958
0.120422
0.211408
-0.129789
0.005352
-0.129789
-0.052183
-0.129789
-0.129789
-0.129789
-0.129789
-0.033451
0.053521
-0.005352
0.029437
-0.046831
-0.008028
-0.002676
0.029437
-0.129789
-0.065563
0.176619
-0.129789
-0.129789
-0.009366
0.113732
0.141831
0.070915
-0.001338
-0.074929
0.065563
-0.129789
-0.129789
-0.084296
0.111056
0.211408
0.195352
0.124436
0.012042
0.155211
0.105704
0.080282
-0.129789
0.005352
-0.129789
-0.129789
-0.090986
-0.040141
-0.100352
-0.129789
-0.129789
-0.053521
-0.129789
-0.018732
-0.101690
-0.129789
-0.129789
-0.129789
0.080282
0.211408
0.211408
0.211408
0.152535
0.111056
0.029437
0.155211
-0.129789
0.093662
0.085634
-0.001338
0.097676
0.041479
-0.099014
-0.120422
-0.001338
0.078944
0.211408
0.107042
-0.099014
-0.108380
0.211408
0.062887
-0.081620
0.200704
-0.129789
0.030775
0.211408
0.018732
0.022746
0.005352
0.211408
0.005352
-0.129789
0.076267
-0.045493
-0.026761
0.081620
0.072253
-0.010704
0.041479
0.034789
-0.016056
0.032113
-0.053521
0.080282
0.086972
-0.129789
-0.119084
-0.022746
-0.069577
0.029437
-0.092324
-0.014718
-0.037465
-0.129789
0.115070
0.211408
-0.129789
-0.101690
0.175281
-0.002676
-0.129789
-0.069577
0.159225
0.001338
-0.009366
-0.029437
0.016056
-0.020070
0.096338
0.168591
0.171267
0.033451
0.203380
0.116408
0.173943
-0.112394
-0.038803
0.181972
-0.129789
0.211408
-0.029437
-0.129789
0.196690
0.202042
-0.105704
-0.004014
-0.129789
-0.073591
0.046831
0.208732
0.084296
0.096338
-0.129789
-0.129789
0.064225
0.085634
0.096338
-0.096338
0.156549
0.211408
0.025422
0.032113
-0.026761
-0.129789
0.211408
0.152535
-0.037465
-0.123098
0.033451
0.042817
-0.046831
0.049507
0.089648
0.001338
-0.129789
0.053521
-0.129789
-0.005352
0.062887
-0.129789
0.184648
0.127112
-0.078944
0.211408
-0.129789
0.136479
-0.016056
-0.129789
0.058873
0.045493
0.097676
-0.129789
-0.129789
0.005352
-0.129789
-0.082958
0.211408
-0.089648
-0.129789
0.128450
-0.129789
0.211408
-0.073591
-0.078944
-0.096338
-0.026761
-0.048169
-0.129789
0.211408
0.029437
0.024084
-0.020070
0.008028
0.000000
0.113732
0.101690
0.022746
0.159225
0.211408
0.013380
-0.033451
0.168591
0.056197
0.211408
0.177957
0.070915
-0.129789
-0.013380
-0.129789
-0.069577
-0.084296
0.184648
0.125774
-0.057535
0.153873
0.053521
0.081620
0.050845
0.105704
-0.129789
0.187324
0.157887
-0.026761
-0.056197
0.211408
0.211408
-0.052183
0.117746
0.159225
-0.105704
-0.032113
0.024084
-0.129789
0.198028
0.157887
0.190000
-0.129789
-0.112394
-0.117746
0.181972
0.081620
0.081620
-0.037465
0.041479
0.211408
-0.129789
0.038803
-0.080282
0.137817
0.092324
0.046831
-0.020070
0.136479
-0.129789
0.113732
-0.129789
0.082958
-0.030775
-0.025422
0.136479
0.211408
0.139155
0.057535
0.058873
0.084296
-0.041479
-0.088310
-0.052183
0.006690
0.159225
0.211408
-0.129789
0.073591
0.046831
-0.069577
-0.129789
0.117746
-0.129789
0.123098
0.131127
-0.113732
0.006690
0.176619
-0.010704
0.041479
-0.069577
0.211408
0.048169
-0.129789
0.013380
-0.129789
-0.113732
-0.117746
0.156549
0.001338
0.099014
0.032113
0.185986
0.074929
0.173943
-0.129789
-0.010704
0.060211
-0.074929
0.211408
-0.008028
-0.077606
-0.002676
0.160563
0.096338
-0.018732
-0.020070
0.010704
0.084296
-0.062887
0.070915
-0.129789
0.049507
0.127112
0.048169
0.078944
0.004014
0.061549
0.211408
-0.028099
0.081620
0.211408
0.020070
-0.058873
-0.129789
-0.129789
-0.050845
-0.058873
-0.058873
-0.049507
-0.054859
-0.064225
0.020070
-0.129789
-0.002676
-0.121760
-0.099014
-0.086972
-0.116408
-0.129789
-0.129789
0.137817
0.093662
0.018732
-0.038803
-0.049507
0.038803
0.060211
-0.017394
-0.086972
-0.040141
0.004014
0.077606
0.057535
0.101690
0.086972
-0.090986
0.068239
-0.054859
0.041479
0.101690
-0.112394
-0.053521
-0.124436
0.034789
0.037465
0.057535
-0.129789
-0.129789
0.121760
0.175281
0.129789
-0.054859
0.194014
-0.129789
0.080282
0.077606
0.211408
-0.048169
-0.002676
-0.112394
0.211408
-0.125774
-0.129789
-0.129789
0.120422
-0.129789
-0.100352
-0.034789
-0.104366
0.053521
0.115070
-0.103028
-0.016056
0.195352
-0.129789
0.005352
0.171267
0.101690
0.211408
0.211408
-0.056197
-0.129789
-0.052183
0.028099
0.211408
-0.129789
-0.105704
0.211408
-0.085634
0.211408
0.009366
-0.129789
0.093662
-0.056197
0.020070
-0.129789
-0.036127
-0.050845
0.211408
-0.033451
0.069577
0.053521
0.211408
0.005352
-0.129789
0.084296
0.136479
-0.129789
-0.078944
0.010704
-0.052183
-0.042817
0.022746
-0.129789
0.144507
0.115070
0.074929
0.211408
0.004014
0.176619
0.196690
-0.109718
-0.129789
-0.129789
0.064225
0.060211
-0.129789
-0.068239
0.095000
-0.061549
-0.105704
0.060211
0.044155
-0.065563
-0.086972
-0.109718
-0.025422
0.088310
0.211408
-0.129789
0.088310
-0.129789
-0.086972
-0.072253
-0.082958
0.207394
-0.120422
-0.104366
0.069577
0.054859
0.084296
-0.107042
0.041479
-0.129789
-0.029437
-0.107042
0.028099
-0.125774
-0.129789
-0.129789
-0.060211
0.064225
0.057535
-0.113732
0.204718
0.028099
0.013380
0.053521
0.187324
0.153873
-0.018732
0.042817
0.010704
-0.081620
0.211408
0.152535
-0.017394
-0.005352
-0.020070
0.029437
-0.040141
-0.129789
-0.054859
-0.068239
0.176619
0.026761
-0.017394
-0.111056
-0.129789
0.018732
0.211408
-0.081620
0.061549
-0.058873
-0.129789
-0.081620
0.107042
-0.029437
-0.073591
0.077606
0.211408
-0.073591
-0.078944
-0.074929
-0.056197
-0.129789
0.211408
0.211408
0.211408
-0.129789
-0.121760
-0.046831
-0.129789
-0.129789
0.111056
-0.129789
0.164577
-0.028099
0.127112
-0.002676
-0.054859
-0.124436
-0.129789
-0.036127
0.107042
-0.058873
-0.024084
-0.105704
0.116408
-0.038803
-0.045493
0.119084
0.211408
-0.010704
-0.044155
0.129789
-0.058873
0.092324
-0.129789
0.127112
-0.129789
0.073591
-0.129789
-0.061549
-0.129789
0.148521
0.041479
-0.129789
0.004014
-0.104366
0.005352
-0.072253
0.200704
-0.093662
-0.086972
-0.129789
0.049507
-0.086972
-0.129789
0.157887
0.211408
0.211408
0.084296
0.211408
0.013380
0.169929
0.187324
0.211408
-0.129789
-0.074929
-0.012042
0.001338
0.010704
-0.129789
0.037465
0.076267
0.069577
0.068239
0.145845
-0.129789
0.065563
0.029437
-0.045493
-0.129789
-0.129789
0.211408
-0.074929
0.082958
0.050845
0.014718
-0.129789
0.017394
-0.020070
0.202042
0.173943
-0.005352
-0.129789
-0.129789
0.025422
0.062887
0.160563
0.125774
0.034789
0.149859
0.088310
-0.129789
0.054859
0.119084
-0.021408
-0.078944
0.010704
0.060211
-0.001338
-0.129789
0.009366
-0.088310
-0.129789
0.076267
-0.028099
-0.036127
-0.012042
-0.084296
0.211408
0.024084
0.085634
-0.129789
-0.129789
0.145845
-0.127112
-0.129789
0.120422
0.152535
0.016056
-0.129789
0.211408
-0.056197
0.129789
-0.013380
0.124436
-0.041479
0.107042
0.093662
-0.081620
-0.040141
-0.097676
0.066901
-0.036127
-0.129789
-0.068239
-0.074929
-0.119084
-0.062887
-0.129789
-0.129789
-0.044155
0.147183